202501010101
202501010102
202501010103
202501010104
202501010105
202501010106
202501010107
202501010108
202501010109
202501010110
202501010111
202501010112
202501010201
202501010202
202501010203
202501010204
202501010205
202501010206
202501010207
202501010208
202501010209
202501010210
202501010211
202501010212
202501010301
202501010302
202501010303
202501010304
202501010305
202501010306
202501010307
202501010308
202501010309
202501010310
202501010311
202501010312
202501010403
202501010408
202501010411
202501010503
202501010504
202501010505
202501010506
202502010101
202502010102
202502010103
202502010104
202502010105
202502010106
202502010107
202502010108
202502010109
202502010110
202502010111
202502010112
202502010201
202502010202
202502010203
202502010204
202502010205
202502010206
202502010207
202502010208
202502010209
202502010210
202502010211
202502010212
202502010301
202502010302
202502010303
202502010304
202502010305
202502010306
202502010307
202502010308
202502010309
202502010310
202502010311
202502010312
202502010401
202502010402
202502010403
202502010404
202502010405
202502010406
202502010407
202502010408
202502010409
202502010410
202502010411
202502010412
202502010501
202502010502
202502010503
202502010504
202502010505
202502010506
202502010507
202502010508
202502010509
202502010510
202502010511
202502010512
202502010601
202502010602
202502010603
202502010604
202502010605
202502010606
202502010607
202502010608
202502010609
202502010610
202502010611
202502010612
202502010701
202502010702
202502010703
202502010704
202502010705
202502010706
202502010707
202502010708
202502010709
202502010710
202502010711
202502010712
202502010801
202502010802
202502010803
202502010804
202502010805
202502010806
202502010807
202502010808
202502010809
202502010810
202502010811
202502010812
202502010901
202502010902
202502010903
202502010904
202502010905
202502010906
202502010907
202502010908
202502010909
202502010910
202502010911
202502010912
202502011001
202502011002
202502011003
202502011004
202502011005
202502011006
202502011007
202502011008
202502011009
202502011010
202502011011
202502011012
202502011101
202502011102
202502011103
202502011104
202502011105
202502011106
202502011107
202502011108
202502011109
202502011110
202502011111
202502011112
202502011201
202502011202
202502011203
202502011204
202502011205
202502011206
202502011207
202502011208
202502011209
202502011210
202502011211
202502011212
202503010101
202503010102
202503010103
202503010104
202503010105
202503010106
202503010107
202503010108
202503010109
202503010110
202503010111
202503010112
202503010201
202503010202
202503010203
202503010204
202503010205
202503010206
202503010207
202503010208
202503010209
202503010210
202503010211
202503010212
202503010301
202503010302
202503010303
202503010304
202503010305
202503010306
202503010307
202503010308
202503010309
202503010310
202503010311
202503010312
202503010401
202503010402
202503010403
202503010404
202503010405
202503010406
202503010407
202503010408
202503010409
202503010410
202503010411
202503010412
202503010501
202503010502
202503010503
202503010504
202503010505
202503010506
202503010507
202503010508
202503010509
202503010510
202503010511
202503010512
202503010601
202503010602
202503010603
202503010604
202503010605
202503010606
202503010607
202503010608
202503010609
202503010610
202503010611
202503010612
202503020101
202503020102
202503020103
202503020104
202503020105
202503020106
202503020107
202503020108
202503020109
202503020110
202503020111
202503020112
202503020201
202503020202
202503020203
202503020204
202503020205
202503020206
202503020207
202503020208
202503020209
202503020210
202503020211
202503020212
202503020301
202503020302
202503020303
202503020304
202503020305
202503020306
202503020307
202503020308
202503020309
202503020310
202503020311
202503020312
202503020401
202503020402
202503020403
202503020404
202503020405
202503020406
202503020407
202503020408
202503020409
202503020410
202503020411
202503020412
202503020501
202503020502
202503020503
202503020504
202503020505
202503020506
202503020507
202503020508
202503020509
202503020510
202503020511
202503020512
202503020601
202503020602
202503020603
202503020604
202503020605
202503020606
202503020607
202503020608
202503020609
202503020610
202503020611
202503020612
202503020701
202503020702
202503020703
202503020704
202503020705
202503020706
202503020707
202503020708
202503020709
202503020710
202503020711
202503020712
202503020801
202503020802
202503020803
202503020804
202503020805
202503020806
202503020807
202503020808
202503020809
202503020810
202503020811
202503020812
202504010101
202504010102
202504010103
202504010104
202504010105
202504010106
202504010107
202504010108
202504010109
202504010110
202504010111
202504010112
202504010201
202504010202
202504010203
202504010204
202504010205
202504010206
202504010207
202504010208
202504010209
202504010210
202504010211
202504010212
202504010301
202504010302
202504010303
202504010304
202504010305
202504010306
202504010307
202504010308
202504010309
202504010310
202504010311
202504010312
202504010401
202504010402
202504010403
202504010404
202504010405
202504010406
202504010407
202504010408
202504010409
202504010410
202504010411
202504010412
202504010501
202504010502
202504010503
202504010504
202504010505
202504010506
202504010507
202504010508
202504010509
202504010510
202504010511
202504010512
202504010601
202504010602
202504010603
202504010604
202504010605
202504010606
202504010607
202504010608
202504010609
202504010610
202504010611
202504010612
202504010701
202504010702
202504010703
202504010704
202504010705
202504010706
202504010707
202504010708
202504010709
202504010710
202504010711
202504010712
202504010801
202504010802
202504010803
202504010804
202504010805
202504010806
202504010807
202504010808
202504010809
202504010810
202504010811
202504010812
202504020101
202504020102
202504020103
202504020104
202504020105
202504020106
202504020107
202504020108
202504020109
202504020110
202504020111
202504020112
202504020201
202504020202
202504020203
202504020204
202504020205
202504020206
202504020207
202504020208
202504020209
202504020210
202504020211
202504020212
202504020301
202504020302
202504020303
202504020304
202504020305
202504020306
202504020307
202504020308
202504020309
202504020310
202504020311
202504020312
202504020402
202504020403
202504020404
202504020405
202504020406
202504020407
202504020409
202504020410
202504020411
202504020412
202504020505
202504020506
202504020507
202504020511
202505010101
202505010102
202505010103
202505010104
202505010105
202505010106
202505010107
202505010108
202505010109
202505010110
202505010111
202505010112
202505010201
202505010202
202505010203
202505010204
202505010205
202505010206
202505010207
202505010208
202505010209
202505010210
202505010211
202505010212
202505010301
202505010302
202505010303
202505010304
202505010305
202505010306
202505010307
202505010308
202505010309
202505010310
202505010311
202505010312
202505010401
202505010402
202505010403
202505010404
202505010405
202505010406
202505010407
202505010408
202505010409
202505010410
202505010411
202505010412
202505010501
202505010502
202505010503
202505010504
202505010505
202505010506
202505010507
202505010508
202505010509
202505010510
202505010511
202505010512
202505010601
202505010602
202505010603
202505010604
202505010605
202505010606
202505010607
202505010608
202505010609
202505010610
202505010611
202505010612
202505010701
202505010702
202505010703
202505010704
202505010705
202505010706
202505010707
202505010708
202505010709
202505010710
202505010711
202505010712
202505010801
202505010802
202505010803
202505010804
202505010805
202505010806
202505010807
202505010808
202505010809
202505010810
202505010811
202505010812
202505020101
202505020102
202505020103
202505020104
202505020105
202505020106
202505020107
202505020108
202505020109
202505020110
202505020111
202505020112
202505020201
202505020202
202505020203
202505020204
202505020205
202505020206
202505020207
202505020208
202505020209
202505020210
202505020211
202505020212
202505020301
202505020302
202505020303
202505020304
202505020305
202505020306
202505020307
202505020308
202505020309
202505020310
202505020311
202505020312
202505020401
202505020402
202505020403
202505020404
202505020405
202505020406
202505020407
202505020408
202505020409
202505020410
202505020411
202505020412
202505020501
202505020502
202505020503
202505020504
202505020505
202505020506
202505020507
202505020508
202505020509
202505020510
202505020511
202505020512
202505020601
202505020602
202505020603
202505020604
202505020605
202505020606
202505020607
202505020608
202505020609
202505020610
202505020611
202505020612
202505020701
202505020702
202505020703
202505020704
202505020705
202505020706
202505020707
202505020708
202505020709
202505020710
202505020711
202505020712
202505020801
202505020802
202505020803
202505020804
202505020805
202505020806
202505020807
202505020808
202505020809
202505020810
202505020811
202505020812
202505020901
202505020902
202505020903
202505020904
202505020905
202505020906
202505020907
202505020908
202505020909
202505020910
202505020911
202505020912
202505021001
202505021002
202505021003
202505021004
202505021005
202505021006
202505021007
202505021008
202505021009
202505021010
202505021011
202505021012
202505021101
202505021102
202505021103
202505021104
202505021105
202505021106
202505021107
202505021108
202505021110
202505021111
202505021112
202505021201
202505021202
202505021203
202505021204
202505021205
202505021206
202505021207
202505021208
202505021209
202505021210
202505021211
202505021212
202505030101
202505030102
202505030103
202505030104
202505030105
202505030106
202505030107
202505030108
202505030109
202505030110
202505030111
202505030112
202505030201
202505030202
202505030203
202505030204
202505030205
202505030206
202505030207
202505030208
202505030209
202505030210
202505030211
202505030212
202505030301
202505030302
202505030303
202505030304
202505030305
202505030306
202505030307
202505030308
202505030309
202505030310
202505030311
202505030312
202505030401
202505030402
202505030403
202505030404
202505030405
202505030406
202505030407
202505030408
202505030409
202505030410
202505030411
202505030412
202505030501
202505030502
202505030503
202505030504
202505030505
202505030506
202505030507
202505030508
202505030509
202505030510
202505030511
202505030512
202505030602
202505030603
202505030604
202505030605
202505030606
202505030607
202505030608
202505030609
202505030610
202505030611
202505030612
202506010101
202506010102
202506010103
202506010104
202506010105
202506010106
202506010107
202506010108
202506010109
202506010110
202506010111
202506010112
202506010201
202506010202
202506010203
202506010204
202506010205
202506010206
202506010207
202506010208
202506010209
202506010210
202506010211
202506010212
202506010301
202506010302
202506010303
202506010304
202506010305
202506010306
202506010307
202506010308
202506010309
202506010310
202506010311
202506010312
202506010401
202506010402
202506010403
202506010404
202506010405
202506010406
202506010407
202506010408
202506010409
202506010410
202506010411
202506010412
202506010501
202506010502
202506010503
202506010504
202506010505
202506010506
202506010507
202506010508
202506010509
202506010510
202506010511
202506010512
202506010601
202506010602
202506010603
202506010604
202506010605
202506010606
202506010607
202506010608
202506010609
202506010610
202506010611
202506010612
202506010701
202506010702
202506010703
202506010704
202506010705
202506010706
202506010707
202506010708
202506010709
202506010710
202506010711
202506010712
202506010801
202506010802
202506010803
202506010804
202506010805
202506010806
202506010807
202506010808
202506010809
202506010810
202506010811
202506010812
202506010901
202506010902
202506010903
202506010904
202506010905
202506010906
202506010907
202506010908
202506010909
202506010910
202506010911
202506010912
202506020101
202506020102
202506020103
202506020104
202506020105
202506020106
202506020107
202506020108
202506020109
202506020110
202506020111
202506020112
202506020201
202506020202
202506020203
202506020204
202506020205
202506020206
202506020207
202506020208
202506020209
202506020210
202506020211
202506020212
202506020301
202506020302
202506020303
202506020304
202506020305
202506020306
202506020307
202506020308
202506020309
202506020310
202506020311
202506020312
202506020401
202506020402
202506020403
202506020405
202506020406
202506020407
202506020408
202506020409
202506020410
202506020411
202506020412
202506020501
202506020502
202506020503
202506020504
202506020505
202506020506
202506020507
202506020508
202506020509
202506020510
202506020511
202506020512
202506020601
202506020602
202506020603
202506020604
202506020605
202506020606
202506020607
202506020608
202506020609
202506020610
202506020611
202506020612
202506020701
202506020702
202506020703
202506020704
202506020705
202506020706
202506020707
202506020708
202506020709
202506020710
202506020711
202506020712
202506020801
202506020802
202506020803
202506020804
202506020805
202506020806
202506020807
202506020808
202506020809
202506020810
202506020811
202506020812
202506030101
202506030102
202506030103
202506030104
202506030105
202506030106
202506030107
202506030108
202506030109
202506030110
202506030111
202506030112
202506030201
202506030202
202506030203
202506030204
202506030205
202506030206
202506030207
202506030208
202506030209
202506030210
202506030211
202506030212
202506030301
202506030302
202506030303
202506030304
202506030305
202506030306
202506030307
202506030308
202506030309
202506030310
202506030311
202506030312
202506030401
202506030402
202506030403
202506030404
202506030405
202506030406
202506030407
202506030408
202506030409
202506030410
202506030411
202506030412
202506030501
202506030502
202506030503
202506030504
202506030505
202506030506
202506030507
202506030508
202506030509
202506030510
202506030511
202506030512
202506030601
202506030602
202506030603
202506030604
202506030605
202506030606
202506030607
202506030608
202506030609
202506030610
202506030611
202506030612
202506030701
202506030702
202506030703
202506030704
202506030705
202506030706
202506030707
202506030708
202506030709
202506030710
202506030711
202506030712
202506030801
202506030802
202506030803
202506030804
202506030805
202506030806
202506030807
202506030808
202506030809
202506030810
202506030811
202506030812
202507010101
202507010102
202507010103
202507010104
202507010105
202507010106
202507010107
202507010108
202507010109
202507010110
202507010111
202507010112
202507010201
202507010202
202507010203
202507010204
202507010205
202507010206
202507010207
202507010208
202507010209
202507010210
202507010211
202507010212
202507010301
202507010302
202507010303
202507010304
202507010305
202507010306
202507010307
202507010308
202507010309
202507010310
202507010311
202507010312
202507010401
202507010402
202507010403
202507010404
202507010405
202507010406
202507010407
202507010408
202507010409
202507010410
202507010411
202507010412
202507010501
202507010502
202507010503
202507010504
202507010505
202507010506
202507010507
202507010508
202507010509
202507010510
202507010511
202507010512
202507010601
202507010602
202507010603
202507010604
202507010605
202507010606
202507010607
202507010608
202507010609
202507010610
202507010611
202507010612
202507010701
202507010702
202507010703
202507010704
202507010705
202507010706
202507010707
202507010708
202507010709
202507010710
202507010711
202507010712
202507010801
202507010802
202507010803
202507010804
202507010805
202507010806
202507010807
202507010808
202507010809
202507010810
202507010811
202507010812
202507010901
202507010902
202507010903
202507010904
202507010905
202507010906
202507010907
202507010908
202507010909
202507010910
202507010911
202507010912
202507020101
202507020102
202507020103
202507020104
202507020105
202507020106
202507020107
202507020108
202507020109
202507020110
202507020111
202507020112
202507020201
202507020202
202507020203
202507020204
202507020205
202507020206
202507020207
202507020208
202507020209
202507020210
202507020211
202507020212
202507020301
202507020302
202507020303
202507020304
202507020305
202507020306
202507020307
202507020308
202507020309
202507020310
202507020311
202507020312
202507020401
202507020402
202507020403
202507020404
202507020405
202507020406
202507020407
202507020408
202507020409
202507020410
202507020411
202507020412
202507020501
202507020502
202507020503
202507020504
202507020505
202507020506
202507020507
202507020508
202507020509
202507020510
202507020511
202507020512
202507020601
202507020602
202507020603
202507020604
202507020605
202507020606
202507020607
202507020608
202507020609
202507020610
202507020611
202507020612
202507030101
202507030102
202507030103
202507030104
202507030105
202507030106
202507030107
202507030108
202507030109
202507030110
202507030111
202507030112
202507030201
202507030202
202507030203
202507030204
202507030205
202507030206
202507030207
202507030208
202507030209
202507030210
202507030211
202507030212
202507030301
202507030302
202507030305
202507030308
202507030310
202507030402
202507030403
202507030404
202508010101
202508010102
202508010103
202508010104
202508010105
202508010106
202508010107
202508010108
202508010109
202508010110
202508010111
202508010112
202508010201
202508010202
202508010203
202508010204
202508010205
202508010206
202508010207
202508010208
202508010209
202508010210
202508010211
202508010212
202508010301
202508010302
202508010303
202508010304
202508010305
202508010306
202508010307
202508010308
202508010309
202508010310
202508010311
202508010312
202508010401
202508010402
202508010403
202508010404
202508010405
202508010406
202508010407
202508010408
202508010409
202508010410
202508010411
202508010412
202508010501
202508010502
202508010503
202508010504
202508010505
202508010506
202508010507
202508010508
202508010509
202508010510
202508010511
202508010512
202508010601
202508010602
202508010603
202508010604
202508010605
202508010606
202508010607
202508010608
202508010609
202508010610
202508010611
202508010612
202508010701
202508010702
202508010703
202508010704
202508010705
202508010706
202508010707
202508010708
202508010709
202508010710
202508010711
202508010712
202508010801
202508010802
202508010803
202508010804
202508010805
202508010806
202508010807
202508010808
202508010809
202508010810
202508010811
202508010812
202508020101
202508020102
202508020103
202508020104
202508020105
202508020106
202508020107
202508020108
202508020109
202508020110
202508020111
202508020112
202508020201
202508020202
202508020203
202508020204
202508020205
202508020206
202508020207
202508020208
202508020209
202508020210
202508020211
202508020212
202508020301
202508020302
202508020303
202508020304
202508020305
202508020306
202508020307
202508020308
202508020309
202508020310
202508020311
202508020312
202508020401
202508020402
202508020403
202508020404
202508020405
202508020406
202508020407
202508020408
202508020409
202508020410
202508020411
202508020412
202508020501
202508020502
202508020503
202508020504
202508020505
202508020506
202508020507
202508020508
202508020509
202508020510
202508020511
202508020512
202508020601
202508020602
202508020603
202508020604
202508020605
202508020606
202508020607
202508020608
202508020609
202508020610
202508020611
202508020612
202508020701
202508020702
202508020703
202508020704
202508020705
202508020706
202508020707
202508020708
202508020709
202508020710
202508020711
202508020712
202508020801
202508020802
202508020803
202508020804
202508020805
202508020806
202508020807
202508020808
202508020809
202508020810
202508020811
202508020812
202508020901
202508020902
202508020903
202508020904
202508020905
202508020906
202508020907
202508020908
202508020909
202508020910
202508020911
202508020912
202508021001
202508021002
202508021003
202508021004
202508021005
202508021006
202508021007
202508021008
202508021009
202508021010
202508021011
202508021012
202508021101
202508021102
202508021103
202508021104
202508021105
202508021106
202508021107
202508021108
202508021109
202508021110
202508021111
202508021112
202508021201
202508021202
202508021203
202508021204
202508021205
202508021206
202508021207
202508021208
202508021209
202508021210
202508021211
202508021212
202509010101
202509010102
202509010103
202509010104
202509010105
202509010106
202509010107
202509010108
202509010109
202509010110
202509010111
202509010112
202509010201
202509010202
202509010203
202509010204
202509010205
202509010206
202509010207
202509010208
202509010209
202509010210
202509010211
202509010212
202509010301
202509010302
202509010303
202509010304
202509010305
202509010306
202509010307
202509010308
202509010309
202509010310
202509010311
202509010312
202509010401
202509010402
202509010403
202509010404
202509010405
202509010406
202509010407
202509010408
202509010409
202509010410
202509010411
202509010412
202509010501
202509010502
202509010503
202509010504
202509010505
202509010506
202509010507
202509010508
202509010509
202509010510
202509010511
202509010512
202509010601
202509010602
202509010603
202509010604
202509010605
202509010606
202509010607
202509010608
202509010609
202509010610
202509010611
202509010612
202509010701
202509010702
202509010703
202509010704
202509010705
202509010706
202509010707
202509010708
202509010709
202509010710
202509010711
202509010712
202509010801
202509010802
202509010803
202509010804
202509010805
202509010806
202509010807
202509010808
202509010809
202509010810
202509010811
202509010812
202509020101
202509020102
202509020103
202509020104
202509020105
202509020106
202509020107
202509020108
202509020109
202509020110
202509020111
202509020112
202509020201
202509020202
202509020203
202509020204
202509020205
202509020206
202509020207
202509020208
202509020209
202509020210
202509020211
202509020212
202509020301
202509020302
202509020303
202509020304
202509020305
202509020306
202509020307
202509020308
202509020309
202509020310
202509020311
202509020312
202509020401
202509020402
202509020403
202509020404
202509020405
202509020406
202509020407
202509020408
202509020409
202509020410
202509020411
202509020412
202509020501
202509020502
202509020503
202509020504
202509020505
202509020506
202509020507
202509020508
202509020509
202509020510
202509020511
202509020512
202509020601
202509020602
202509020603
202509020604
202509020605
202509020606
202509020607
202509020608
202509020609
202509020610
202509020611
202509020612
202509020701
202509020702
202509020703
202509020704
202509020705
202509020706
202509020707
202509020708
202509020709
202509020710
202509020711
202509020712
202509020801
202509020802
202509020803
202509020804
202509020805
202509020806
202509020807
202509020808
202509020809
202509020810
202509020811
202509020812
202509030101
202509030102
202509030103
202509030104
202509030105
202509030106
202509030107
202509030108
202509030109
202509030110
202509030111
202509030112
202509030201
202509030202
202509030203
202509030204
202509030205
202509030206
202509030207
202509030208
202509030209
202509030210
202509030211
202509030212
202509030301
202509030302
202509030303
202509030304
202509030305
202509030306
202509030307
202509030308
202509030309
202509030310
202509030311
202509030312
202509030401
202509030402
202509030403
202509030404
202509030405
202509030406
202509030407
202509030408
202509030409
202509030410
202509030411
202509030412
202509030501
202509030502
202509030503
202509030504
202509030505
202509030506
202509030507
202509030508
202509030509
202509030510
202509030511
202509030512
202509030601
202509030602
202509030603
202509030604
202509030605
202509030606
202509030607
202509030608
202509030609
202509030610
202509030611
202509030612
202510010101
202510010102
202510010103
202510010104
202510010106
202510010107
202510010108
202510010109
202510010110
202510010111
202510010112
202510010201
202510010202
202510010203
202510010204
202510010205
202510010206
202510010207
202510010208
202510010209
202510010210
202510010211
202510010212
202510010301
202510010302
202510010303
202510010304
202510010305
202510010306
202510010307
202510010308
202510010309
202510010310
202510010311
202510010312
202510010401
202510010402
202510010403
202510010404
202510010405
202510010406
202510010407
202510010408
202510010409
202510010410
202510010411
202510010412
202510010501
202510010502
202510010503
202510010504
202510010506
202510010507
202510010508
202510010509
202510010510
202510010511
202510010512
202510010601
202510010602
202510010603
202510010604
202510010605
202510010606
202510010607
202510010608
202510010609
202510010610
202510010611
202510010612
202510010701
202510010702
202510010703
202510010704
202510010705
202510010706
202510010707
202510010708
202510010709
202510010710
202510010711
202510010712
202510010801
202510010802
202510010803
202510010804
202510010805
202510010806
202510010807
202510010808
202510010809
202510010810
202510010811
202510010812
202510010901
202510010902
202510010903
202510010904
202510010905
202510010906
202510010907
202510010908
202510010909
202510010910
202510010911
202510010912
202510011001
202510011002
202510011003
202510011004
202510011005
202510011006
202510011007
202510011008
202510011009
202510011010
202510011011
202510011012
202510011101
202510011102
202510011103
202510011104
202510011105
202510011106
202510011107
202510011108
202510011109
202510011110
202510011111
202510011112
202510011201
202510011202
202510011203
202510011204
202510011205
202510011206
202510011207
202510011208
202510011209
202510011210
202510011211
202510011212
202510020101
202510020102
202510020103
202510020104
202510020105
202510020106
202510020107
202510020108
202510020109
202510020110
202510020111
202510020112
202510020201
202510020202
202510020203
202510020204
202510020205
202510020206
202510020207
202510020208
202510020209
202510020210
202510020211
202510020212
202510020301
202510020302
202510020303
202510020304
202510020305
202510020306
202510020307
202510020308
202510020309
202510020310
202510020311
202510020312
202510020401
202510020402
202510020403
202510020404
202510020405
202510020406
202510020407
202510020408
202510020409
202510020410
202510020411
202510020412
202510020501
202510020502
202510020503
202510020504
202510020505
202510020506
202510020507
202510020508
202510020509
202510020510
202510020511
202510020512
202510020601
202510020602
202510020603
202510020604
202510020605
202510020606
202510020607
202510020608
202510020609
202510020610
202510020611
202510020612
202510020701
202510020702
202510020703
202510020704
202510020705
202510020706
202510020707
202510020708
202510020709
202510020710
202510020711
202510020712
202510020801
202510020802
202510020803
202510020804
202510020805
202510020806
202510020807
202510020808
202510020809
202510020810
202510020811
202510020812